V = 1.384199075277689e-02 
Vx = 2.716662659702505e+00 
Vy = 1.107359282398399e-01 
Vz = 2.716662659702505e+00 
Vxx = 1.171371085627853e+00 
Vyy = -4.188790204786391e+00 
Vzz = 1.171371085627853e+00 
Vxy = -1.872923247209072e+00 
Vxz = -1.872923247209073e+00 
Vyz = -1.144495871949466e+00 
